		{
			id=4934
			position={ 2609 0 2947 }
			rotation={ -0.000000 -0.672702 -0.000000 0.739914 }
			scale={ 0.75 0.75 0.75 }
		}
